20
0.000 6.663 8.953 2.604 7.892 5.770 2.275 6.828 8.035 1.944 6.342 6.922 3.241 4.914 1.170 1.399 5.504 3.121 1.432 3.785
6.663 0.000 4.753 2.104 4.421 4.903 2.610 4.931 2.667 8.080 3.347 3.894 2.669 2.512 1.901 2.048 7.467 8.480 4.702 2.767
8.953 4.753 0.000 7.551 2.830 3.441 7.714 2.133 3.061 5.770 8.283 8.211 2.061 7.786 2.248 6.849 3.591 5.376 6.500 8.418
2.604 2.104 7.551 0.000 6.076 7.037 6.588 4.962 4.799 3.023 4.183 5.704 1.071 7.732 4.149 4.988 6.603 8.739 1.641 6.386
7.892 4.421 2.830 6.076 0.000 7.409 7.427 5.792 7.672 5.233 6.476 5.106 3.429 5.000 6.876 7.963 8.394 6.678 2.034 1.855
5.770 4.903 3.441 7.037 7.409 0.000 6.918 1.852 7.828 8.777 4.929 6.057 1.655 5.037 8.428 5.769 4.502 6.856 6.934 8.516
2.275 2.610 7.714 6.588 7.427 6.918 0.000 3.116 7.483 2.604 6.645 1.900 7.761 2.479 6.212 2.822 5.731 7.639 1.927 3.762
6.828 4.931 2.133 4.962 5.792 1.852 3.116 0.000 7.700 4.233 3.558 1.073 5.900 1.385 8.755 2.735 4.058 8.189 6.734 6.303
8.035 2.667 3.061 4.799 7.672 7.828 7.483 7.700 0.000 4.838 3.366 6.154 2.784 1.475 2.464 7.557 5.597 2.262 4.691 3.919
1.944 8.080 5.770 3.023 5.233 8.777 2.604 4.233 4.838 0.000 3.544 5.225 6.807 8.299 2.186 8.058 7.625 2.662 7.953 6.158
6.342 3.347 8.283 4.183 6.476 4.929 6.645 3.558 3.366 3.544 0.000 2.391 8.254 2.337 3.687 8.214 4.540 7.488 4.531 2.079
6.922 3.894 8.211 5.704 5.106 6.057 1.900 1.073 6.154 5.225 2.391 0.000 2.772 5.632 8.084 6.905 6.384 6.370 7.193 8.319
3.241 2.669 2.061 1.071 3.429 1.655 7.761 5.900 2.784 6.807 8.254 2.772 0.000 1.966 4.094 5.239 4.859 5.398 8.155 1.019
4.914 2.512 7.786 7.732 5.000 5.037 2.479 1.385 1.475 8.299 2.337 5.632 1.966 0.000 8.923 4.670 3.236 2.697 5.507 1.977
1.170 1.901 2.248 4.149 6.876 8.428 6.212 8.755 2.464 2.186 3.687 8.084 4.094 8.923 0.000 2.892 3.858 6.278 5.175 5.188
1.399 2.048 6.849 4.988 7.963 5.769 2.822 2.735 7.557 8.058 8.214 6.905 5.239 4.670 2.892 0.000 2.113 7.373 8.665 1.556
5.504 7.467 3.591 6.603 8.394 4.502 5.731 4.058 5.597 7.625 4.540 6.384 4.859 3.236 3.858 2.113 0.000 3.849 7.947 7.841
3.121 8.480 5.376 8.739 6.678 6.856 7.639 8.189 2.262 2.662 7.488 6.370 5.398 2.697 6.278 7.373 3.849 0.000 4.926 7.880
1.432 4.702 6.500 1.641 2.034 6.934 1.927 6.734 4.691 7.953 4.531 7.193 8.155 5.507 5.175 8.665 7.947 4.926 0.000 6.091
3.785 2.767 8.418 6.386 1.855 8.516 3.762 6.303 3.919 6.158 2.079 8.319 1.019 1.977 5.188 1.556 7.841 7.880 6.091 0.000